 - 	317	1.368082	0.781512	0.132687
 - 	318	1.363630	0.782224	0.132915
 - 	319	1.358691	0.782873	0.133148
 - 	320	1.353766	0.783492	0.133188
 - 	321	1.349050	0.784068	0.133392
 - 	322	1.344044	0.784580	0.133629
 - 	323	1.339090	0.784988	0.133696
 - 	324	1.334510	0.785273	0.133886
 - 	325	1.330053	0.785506	0.134228
 - 	326	1.325267	0.785611	0.134476
 - 	327	1.320550	0.785748	0.134563
 - 	328	1.316111	0.785872	0.134651
 - 	329	1.311563	0.786033	0.134347
 - 	330	1.307595	0.786189	0.133885
 - 	331	1.303319	0.786120	0.133902
 - 	332	1.298712	0.785934	0.134137
 - 	333	1.293556	0.785731	0.134227
 - 	334	1.288761	0.785394	0.134279
 - 	335	1.284217	0.784886	0.134215
 - 	336	1.279290	0.784418	0.134192
 - 	337	1.274218	0.783970	0.134075
 - 	338	1.269252	0.783492	0.133826
 - 	339	1.263984	0.782893	0.133601
 - 	340	1.258742	0.782258	0.133489
 - 	341	1.253775	0.781712	0.133222
 - 	342	1.248663	0.781094	0.132778
 - 	343	1.243068	0.780292	0.132393
 - 	344	1.237717	0.779499	0.132153
 - 	345	1.232243	0.778713	0.131896
 - 	346	1.226540	0.777890	0.131390
 - 	347	1.221031	0.777117	0.130812
 - 	348	1.215347	0.776282	0.130399
 - 	349	1.209353	0.775426	0.129913
 - 	350	1.203331	0.774639	0.129280
 - 	351	1.197192	0.773781	0.128704
 - 	352	1.191111	0.772895	0.128130
 - 	353	1.184642	0.771964	0.127326
 - 	354	1.177980	0.770885	0.126574
 - 	355	1.171461	0.769736	0.125928
 - 	356	1.164501	0.768476	0.125054
 - 	357	1.157616	0.767118	0.124169
 - 	358	1.150408	0.765622	0.123364
 - 	359	1.142981	0.764112	0.122438
 - 	360	1.135366	0.762513	0.121775
 - 	361	1.127040	0.761113	0.121358
 - 	362	1.119581	0.760284	0.120167
 - 	363	1.112546	0.759764	0.119016
 - 	364	1.105518	0.759572	0.117774
 - 	365	1.099000	0.759862	0.116456
 - 	366	1.092275	0.760493	0.115115
 - 	367	1.085580	0.761444	0.113661
 - 	368	1.078924	0.762783	0.111711
 - 	369	1.072326	0.764323	0.109540
 - 	370	1.065436	0.765763	0.107469
 - 	371	1.058426	0.766974	0.105740
 - 	372	1.051553	0.768046	0.104186
 - 	373	1.044790	0.769126	0.102439
 - 	374	1.038343	0.769997	0.100846
 - 	375	1.031964	0.770798	0.099520
 - 	376	1.025397	0.771546	0.098297
 - 	377	1.019197	0.772367	0.097091
 - 	378	1.013017	0.773333	0.095732
 - 	379	1.006701	0.774373	0.094314
 - 	380	1.000690	0.775554	0.092905
 - 	381	0.994298	0.776780	0.091501
 - 	382	0.988061	0.777732	0.090355
 - 	383	0.981908	0.778371	0.089212
 - 	384	0.976237	0.778832	0.088105
 - 	385	0.970472	0.779049	0.087098
 - 	386	0.964858	0.779332	0.086444
 - 	387	0.959298	0.779472	0.085814
 - 	388	0.953763	0.779515	0.085018
 - 	389	0.948269	0.779614	0.084165
 - 	390	0.943005	0.779631	0.083409
 - 	391	0.937608	0.779797	0.082558
 - 	392	0.932487	0.780102	0.081736
 - 	393	0.927512	0.780434	0.080912
 - 	394	0.922271	0.780715	0.080059
 - 	395	0.917121	0.780889	0.079439
 - 	396	0.911531	0.781001	0.078829
 - 	397	0.906169	0.781157	0.078333
 - 	398	0.900767	0.781325	0.077638
 - 	399	0.895611	0.781546	0.077003
 - 	400	0.890568	0.781668	0.076464
 - 	401	0.885560	0.781745	0.075976
 - 	402	0.880530	0.781802	0.075548
 - 	403	0.875086	0.781566	0.075217
 - 	404	0.869687	0.781329	0.074891
 - 	405	0.864562	0.781259	0.074416
 - 	406	0.859541	0.781218	0.073918
 - 	407	0.854567	0.781098	0.073566
 - 	408	0.849059	0.780952	0.073179
 - 	409	0.843670	0.780644	0.072810
 - 	410	0.838597	0.780309	0.072512
 - 	411	0.833143	0.780057	0.072108
 - 	412	0.827564	0.779607	0.071763
 - 	413	0.822199	0.778969	0.071596
 - 	414	0.816811	0.778552	0.071225
 - 	415	0.811392	0.778196	0.070783
 - 	416	0.806143	0.777662	0.070455
 - 	417	0.800519	0.777064	0.070116
 - 	418	0.795067	0.776534	0.069736
 - 	419	0.789375	0.775894	0.069447
 - 	420	0.783633	0.775062	0.069193
 - 	421	0.778487	0.774217	0.068963
 - 	422	0.772875	0.773331	0.068815
 - 	423	0.766992	0.772506	0.068542
 - 	424	0.761351	0.771713	0.068351
 - 	425	0.755603	0.770771	0.068249
 - 	426	0.749737	0.769838	0.068068
 - 	427	0.743857	0.768833	0.068060
 - 	428	0.737906	0.767838	0.068042
 - 	429	0.731744	0.766883	0.068008
 - 	430	0.725299	0.765733	0.068058
 - 	431	0.719112	0.764727	0.068103
 - 	432	0.712722	0.763589	0.068242
 - 	433	0.706440	0.762748	0.068300
 - 	434	0.699750	0.761893	0.068369
 - 	435	0.693114	0.761023	0.068465
 - 	436	0.686604	0.760159	0.068792
 - 	437	0.679713	0.759320	0.069082
 - 	438	0.672754	0.758496	0.069315
 - 	439	0.665854	0.757662	0.069770
 - 	440	0.658951	0.756896	0.070364
 - 	441	0.651672	0.756164	0.070859
 - 	442	0.644517	0.755599	0.071307
 - 	443	0.636904	0.754904	0.071854
 - 	444	0.629062	0.754374	0.072470
 - 	445	0.621131	0.753841	0.073078
 - 	446	0.612816	0.753388	0.073492
 - 	447	0.604574	0.753084	0.074071
 - 	448	0.596169	0.752923	0.075007
 - 	449	0.587319	0.752868	0.076131
 - 	450	0.578547	0.753178	0.077339
 - 	451	0.569048	0.753576	0.078777
 - 	452	0.559528	0.754345	0.080236
 - 	453	0.550173	0.755548	0.081507
 - 	454	0.540959	0.757061	0.082529
 - 	455	0.532245	0.758959	0.083332
 - 	456	0.523716	0.761000	0.084159
 - 	457	0.515080	0.763081	0.084949
 - 	458	0.506517	0.765173	0.085788
 - 	459	0.497958	0.767161	0.086543
 - 	460	0.489715	0.769156	0.087154
 - 	461	0.481643	0.771148	0.087725
 - 	462	0.473355	0.773022	0.088411
 - 	463	0.465433	0.774756	0.089273
 - 	464	0.457799	0.776107	0.090077
 - 	465	0.450496	0.777100	0.090959
 - 	466	0.443376	0.777776	0.092046
 - 	467	0.436468	0.778341	0.093051
 - 	468	0.429893	0.778912	0.093825
 - 	469	0.423324	0.779534	0.094491
 - 	470	0.416440	0.780257	0.095306
 - 	471	0.409868	0.781005	0.096135
 - 	472	0.403351	0.781836	0.096784
 - 	473	0.396215	0.782661	0.097268
 - 	474	0.389266	0.783527	0.097796
 - 	475	0.382618	0.784560	0.098220
 - 	476	0.375880	0.785619	0.098474
 - 	477	0.368963	0.786503	0.098771
 - 	478	0.362121	0.787327	0.099118
 - 	479	0.355254	0.788108	0.099530
 - 	480	0.348802	0.788758	0.099852
 - 	481	0.342290	0.789374	0.100117
 - 	482	0.335800	0.789855	0.100444
 - 	483	0.329564	0.790209	0.100608
 - 	484	0.323281	0.790655	0.100773
 - 	485	0.317355	0.791141	0.100876
 - 	486	0.311230	0.791475	0.100776
 - 	487	0.304796	0.791790	0.100826
 - 	488	0.298780	0.791959	0.100987
 - 	489	0.292517	0.792088	0.101046
 - 	490	0.286604	0.792236	0.100985
 - 	491	0.280459	0.792461	0.100980
 - 	492	0.274247	0.792753	0.100743
 - 	493	0.268123	0.792796	0.100895
 - 	494	0.262057	0.792768	0.101050
 - 	495	0.256095	0.792702	0.100981
 - 	496	0.250005	0.792528	0.100969
 - 	497	0.244194	0.792229	0.100931
 - 	498	0.238105	0.791952	0.101032
 - 	499	0.232180	0.791527	0.100900
 - 	500	0.225894	0.790925	0.100847
 - 	501	0.219777	0.790239	0.100854
 - 	502	0.213764	0.789519	0.100982
 - 	503	0.207508	0.788811	0.100882
 - 	504	0.201057	0.788014	0.100762
 - 	505	0.194439	0.787253	0.100642
 - 	506	0.187865	0.786506	0.100397
 - 	507	0.181473	0.785660	0.100141
 - 	508	0.174658	0.784713	0.099965
 - 	509	0.168077	0.783680	0.099814
 - 	510	0.161302	0.782494	0.099578
 - 	511	0.154269	0.781242	0.099454
 - 	512	0.147288	0.779972	0.099055
 - 	513	0.140163	0.778628	0.098911
 - 	514	0.132633	0.777263	0.098608
 - 	515	0.125248	0.775732	0.098461
 - 	516	0.117786	0.774205	0.098263
 - 	517	0.110124	0.772643	0.097959
 - 	518	0.102132	0.770961	0.097763
 - 	519	0.094054	0.769191	0.097536
 - 	520	0.086059	0.767470	0.097138
 - 	521	0.077441	0.765611	0.096860
 - 	522	0.068490	0.763607	0.096640
 - 	523	0.059772	0.761614	0.096262
 - 	524	0.051702	0.759895	0.095920
 - 	525	0.043768	0.758661	0.095614
 - 	526	0.035658	0.758084	0.094775
 - 	527	0.027988	0.757729	0.093687
 - 	528	0.020681	0.757744	0.092672
 - 	529	0.012972	0.758072	0.091601
 - 	530	0.005000	0.759071	0.090163
 - 	531	-0.002730	0.760587	0.088181
 - 	532	-0.010426	0.762278	0.085765
 - 	533	-0.018149	0.763879	0.083621
 - 	534	-0.026012	0.765139	0.081951
 - 	535	-0.033625	0.766186	0.080519
 - 	536	-0.041572	0.767096	0.079228
 - 	537	-0.049112	0.768118	0.077992
 - 	538	-0.056487	0.769299	0.076647
 - 	539	-0.063812	0.770399	0.075361
 - 	540	-0.070791	0.771408	0.074120
 - 	541	-0.077750	0.772470	0.072772
 - 	542	-0.084442	0.773575	0.071550
 - 	543	-0.090929	0.774859	0.070167
 - 	544	-0.097518	0.776179	0.068880
 - 	545	-0.104333	0.777538	0.067649
 - 	546	-0.110912	0.778684	0.066644
 - 	547	-0.117442	0.779664	0.065734
 - 	548	-0.123593	0.780237	0.064982
 - 	549	-0.129289	0.780568	0.064368
 - 	550	-0.135207	0.780790	0.063997
 - 	551	-0.140898	0.780816	0.063582
 - 	552	-0.146292	0.780935	0.063141
 - 	553	-0.151880	0.781078	0.062710
 - 	554	-0.157579	0.781367	0.062223
 - 	555	-0.163318	0.781808	0.061642
 - 	556	-0.169157	0.782372	0.061150
 - 	557	-0.175185	0.782998	0.060712
 - 	558	-0.181159	0.783486	0.060314
 - 	559	-0.187245	0.784041	0.059981
 - 	560	-0.193135	0.784587	0.059628
 - 	561	-0.199142	0.784899	0.059335
 - 	562	-0.205153	0.785139	0.059044
 - 	563	-0.210974	0.785311	0.058993
 - 	564	-0.216839	0.785339	0.058824
 - 	565	-0.222730	0.785164	0.058706
 - 	566	-0.228491	0.785040	0.058626
 - 	567	-0.234212	0.784860	0.058613
 - 	568	-0.239811	0.784647	0.058538
 - 	569	-0.245660	0.784536	0.058229
 - 	570	-0.251344	0.784230	0.058058
 - 	571	-0.256942	0.783891	0.057910
 - 	572	-0.262403	0.783512	0.057829
 - 	573	-0.268218	0.783082	0.057700
 - 	574	-0.274101	0.782687	0.057518
 - 	575	-0.279990	0.782173	0.057338
 - 	576	-0.285682	0.781568	0.057311
 - 	577	-0.291500	0.780972	0.057206
 - 	578	-0.297162	0.780404	0.057085
 - 	579	-0.302968	0.779765	0.056964
 - 	580	-0.309028	0.779202	0.056689
 - 	581	-0.315101	0.778513	0.056479
 - 	582	-0.321147	0.777738	0.056248
 - 	583	-0.327109	0.776869	0.056058
 - 	584	-0.333152	0.775963	0.055859
 - 	585	-0.339045	0.774932	0.055800
 - 	586	-0.344989	0.773908	0.055775
 - 	587	-0.350982	0.772803	0.055810
 - 	588	-0.357195	0.771794	0.055755
 - 	589	-0.363641	0.770726	0.055713
 - 	590	-0.370262	0.769568	0.055726
 - 	591	-0.376921	0.768484	0.055677
 - 	592	-0.383754	0.767356	0.055664
 - 	593	-0.390743	0.766249	0.055702
 - 	594	-0.397678	0.765197	0.055903
 - 	595	-0.404862	0.764018	0.056205
 - 	596	-0.411909	0.762868	0.056589
 - 	597	-0.418902	0.761826	0.056950
 - 	598	-0.426083	0.760894	0.057241
 - 	599	-0.433155	0.759926	0.057626
 - 	600	-0.440588	0.758845	0.058046
 - 	601	-0.448093	0.758067	0.058324
 - 	602	-0.455707	0.757495	0.058584
 - 	603	-0.463858	0.756863	0.058866
 - 	604	-0.472203	0.756340	0.059108
 - 	605	-0.480515	0.755957	0.059594
 - 	606	-0.488986	0.755820	0.060434
 - 	607	-0.497607	0.755859	0.061533
 - 	608	-0.506395	0.755959	0.062817
 - 	609	-0.515533	0.756113	0.064249
 - 	610	-0.524734	0.756775	0.065803
 - 	611	-0.533865	0.757772	0.067308
 - 	612	-0.542787	0.759148	0.068536
 - 	613	-0.551684	0.760757	0.069559
 - 	614	-0.560178	0.762614	0.070430
 - 	615	-0.568664	0.764495	0.071216
 - 	616	-0.576903	0.766400	0.072103
 - 	617	-0.584635	0.768003	0.073026
 - 	618	-0.592305	0.769612	0.073902
 - 	619	-0.600061	0.771109	0.074754
 - 	620	-0.607896	0.772369	0.075665
 - 	621	-0.615722	0.773628	0.076527
 - 	622	-0.623248	0.774613	0.077543
 - 	623	-0.630483	0.775605	0.078473
 - 	624	-0.637136	0.776449	0.079472
 - 	625	-0.643730	0.777037	0.080439
 - 	626	-0.650268	0.777534	0.081366
 - 	627	-0.656700	0.778122	0.082178
 - 	628	-0.662980	0.778877	0.082828
 - 	629	-0.669273	0.779567	0.083404
 - 	630	-0.675902	0.780197	0.083980
 - 	631	-0.682518	0.781026	0.084529
 - 	632	-0.688518	0.782074	0.085146
 - 	633	-0.694895	0.783232	0.085609
 - 	634	-0.701467	0.784209	0.086005
 - 	635	-0.708323	0.785308	0.086155
 - 	636	-0.715005	0.786366	0.086250
 - 	637	-0.721327	0.787438	0.086342
 - 	638	-0.727696	0.788261	0.086444
 - 	639	-0.734457	0.788765	0.086502
 - 	640	-0.741334	0.789416	0.086552
 - 	641	-0.747250	0.790125	0.086693
 - 	642	-0.753211	0.790596	0.086826
 - 	643	-0.759853	0.790862	0.086798
 - 	644	-0.766433	0.791185	0.086569
 - 	645	-0.772139	0.791405	0.086488
 - 	646	-0.777576	0.791533	0.086220
 - 	647	-0.783374	0.791815	0.085423
 - 	648	-0.789585	0.791962	0.085044
 - 	649	-0.795540	0.792045	0.084943
 - 	650	-0.801888	0.791933	0.084702
 - 	651	-0.808352	0.791690	0.084359
 - 	652	-0.814368	0.791442	0.084065
 - 	653	-0.820600	0.791044	0.083484
 - 	654	-0.826737	0.790638	0.082867
 - 	655	-0.832765	0.790150	0.082438
 - 	656	-0.839266	0.789293	0.081978
 - 	657	-0.845701	0.788290	0.081579
 - 	658	-0.852415	0.787236	0.081035
 - 	659	-0.859676	0.786071	0.080484
 - 	660	-0.866835	0.784846	0.080080
 - 	661	-0.874131	0.783546	0.079667
 - 	662	-0.881669	0.782168	0.079177
 - 	663	-0.889343	0.780711	0.078655
 - 	664	-0.897002	0.779292	0.077948
 - 	665	-0.904811	0.777945	0.077384
 - 	666	-0.912929	0.776479	0.077159
 - 	667	-0.921329	0.774980	0.076687
 - 	668	-0.929837	0.773462	0.075935
 - 	669	-0.938293	0.771879	0.075030
 - 	670	-0.947245	0.770121	0.074424
 - 	671	-0.956640	0.768222	0.074435
 - 	672	-0.965508	0.766580	0.073984
 - 	673	-0.974002	0.765366	0.073141
 - 	674	-0.981790	0.764698	0.072103
 - 	675	-0.989450	0.764576	0.070807
 - 	676	-0.996775	0.765023	0.069427
 - 	677	-1.004204	0.765875	0.067841
 - 	678	-1.012222	0.766997	0.066094
 - 	679	-1.020536	0.768325	0.064520
 - 	680	-1.028621	0.769540	0.063222
 - 	681	-1.036465	0.770483	0.062157
 - 	682	-1.044082	0.771336	0.061188
 - 	683	-1.051218	0.772175	0.060281
 - 	684	-1.058148	0.772939	0.059391
 - 	685	-1.064759	0.773828	0.058587
 - 	686	-1.071213	0.774839	0.057766
 - 	687	-1.077666	0.776146	0.056670
 - 	688	-1.084045	0.777614	0.055607
 - 	689	-1.090319	0.779059	0.054493
 - 	690	-1.096325	0.780450	0.053166
 - 	691	-1.102096	0.781491	0.051938
 - 	692	-1.107934	0.782202	0.050943
 - 	693	-1.113555	0.782577	0.049977
 - 	694	-1.118800	0.782562	0.049182
 - 	695	-1.123666	0.782341	0.048386
 - 	696	-1.128369	0.781816	0.047478
 - 	697	-1.133539	0.781170	0.046804
 - 	698	-1.138736	0.780748	0.046211
 - 	699	-1.144032	0.780530	0.045750
 - 	700	-1.149170	0.780709	0.045158
 - 	701	-1.154440	0.780953	0.044460
 - 	702	-1.159879	0.781286	0.043856
 - 	703	-1.165320	0.781441	0.043460
 - 	704	-1.170738	0.781603	0.043041
 - 	705	-1.176222	0.781874	0.042633
 - 	706	-1.181541	0.782093	0.042248
 - 	707	-1.186773	0.782301	0.041832
 - 	708	-1.191780	0.782382	0.041552
 - 	709	-1.196828	0.782229	0.041409